Carton Nro: 1 2 6 11 15 24 32 36 40 53 55 67 73 79 80 82 
Carton Nro: 2 1 14 19 22 28 30 42 44 51 57 65 71 77 81 84 
Carton Nro: 3 5 9 18 20 26 34 38 46 54 59 61 69 75 78 86 
Carton Nro: 4 4 8 12 25 33 37 41 48 50 56 63 68 76 83 88 
Carton Nro: 5 3 10 16 23 29 31 43 45 58 62 66 70 74 85 90 
Carton Nro: 6 7 13 17 21 27 35 39 47 49 52 60 64 72 87 89 
Carton Nro: 7 1 2 19 28 29 32 35 46 51 53 62 69 77 81 88 
Carton Nro: 8 5 12 15 20 23 30 34 45 47 54 60 71 75 80 83 
Carton Nro: 9 4 13 17 25 33 36 40 42 52 56 63 65 74 85 86 
Carton Nro: 10 6 10 16 22 31 37 43 55 58 61 67 70 78 84 90 
Carton Nro: 11 3 8 14 21 27 38 41 48 57 64 66 72 76 82 89 
Carton Nro: 12 7 9 11 18 24 26 39 44 49 50 59 68 73 79 87 
Carton Nro: 13 2 11 16 21 32 36 42 47 53 57 60 62 72 84 88 
Carton Nro: 14 1 8 10 15 20 33 35 41 52 58 65 62 77 83 86 
Carton Nro: 15 5 12 19 22 25 37 40 45 50 54 63 70 78 81 89 
Carton Nro: 16 3 6 14 23 26 34 38 43 46 51 55 67 73 79 82 
Carton Nro: 17 7 13 17 27 29 30 39 48 59 64 66 71 76 80 90 
Carton Nro: 18 4 9 18 24 28 31 44 49 56 61 69 74 75 85 87 
Carton Nro: 19 4 10 14 27 33 37 42 48 54 58 68 70 74 81 85 
Carton Nro: 20 8 12 18 21 25 31 35 40 46 52 56 64 76 82 89 
Carton Nro: 21 2 11 16 22 29 34 39 44 50 60 66 72 78 83 87 
Carton Nro: 22 1 6 15 20 26 38 43 49 53 57 62 67 71 77 90 
Carton Nro: 23 5 9 19 24 28 32 36 41 51 63 69 75 79 80 86 
Carton Nro: 24 3 7 13 17 23 30 45 47 55 59 61 65 73 84 88 
